1   1
2   1
25   1
3   1
4   1
23   1
33   1
22   4
24   1
7   1
11   1
13   1
34   1
31   1
35   1
36   1
37   1
38   1
39   1
40   1
41   1
32   1
29   1
30   1
111   1
112   1
113   1
114   1
115   1
116   1
117   1
118   1
18   1
19   1
270   15
272   20
273   18
275   28
290   20
293   20
20   50
150   11
153   11
154   11
157   11
158   11
161   11
162   11
165   11
166   11
169   11
101   1
102   1
103   10
104   1
105   1
106   1
126   1
211   1
212   1
200   1
201   1
202   10
203   1
206   1
207   1
208   1
209   1
218   1
220   1
221   1
222   1
223   1
224   1
210   1
213   1
214   10
215   1
216   1
217   1
128   1
133   1
134   1
135   1
219   1
301   15
302   15
303   15
410   1
411   1
412   1
413   1
414   1
415   1
416   96
274   18
294   20
409   1
401   18
402   40
403   18
404   18
405   17
406   40
407   40
408   40
271   15
291   20