1   1
2   391183
25   3
3   35
4   4
23   22
33   2
22   60
24   10
7   125079
11   4
13   59
34   40
31   28
35   82
36   43
37   34
38   26
39   37269
40   1
41   4
32   7
29   300
30   6
111   20
112   13
113   15
114   16
115   18
116   4
117   8
118   11
18   54
19   212
270   217
272   302
273   150
275   175
290   59
293   61
20   375983
150   61
153   93484
154   62
157   79965
158   62
161   45758
162   63
165   42435
166   57
169   23648
101   1555986
102   1095806
103   1086315
104   438028
105   596745
106   733529
126   391183
211   2172085
212   1573699
200   264750
201   1703
202   21206
203   288
206   183
207   425381
208   35
209   31908
218   866
220   10623
221   2329
222   13437
223   1129
224   96
210   947541
213   2699
214   26668
215   451
216   952
217   2248
128   103539
133   24
134   17
135   182583
219   21
301   3765
302   1299
303   9712
410   2048
411   30
412   28
413   14
414   18
415   14
416   12187
274   145
294   61
409   32
401   1503
402   2770
403   37496
404   8396
405   7527
406   79755
407   115999
408   16085
271   215
291   59